0.0 0.0
0.0 0.0019
-0.006 0.0076
-0.020 0.0211
-0.043 0.0442
-0.062 0.0634
-0.121 0.1211
-0.175 0.175
-0.256 0.2576
-0.319 0.3192
-0.377 0.3788
-0.409 0.4096
-0.517 0.5173
-0.622 0.6230
-0.668 0.6692
-0.668 0.6692
-0.743 0.7423
-0.743 0.7423
-0.795 0.7942
-0.795 0.7942
-0.795 0.7942
-0.795 0.7942
-0.795 0.7942
-0.795 0.7942
-0.795 0.7942
-0.795 0.7942
-0.795 0.7942
-0.795 0.7942
-0.795 0.7942
-0.795 0.7942
-0.743 0.7423
-0.743 0.7423
-0.668 0.6692
-0.617 0.6230
-0.613 0.6230
-0.611 0.6230
-0.607 0.6230
-0.594 0.6230
-0.586 0.6230
-0.578 0.6230
-0.555 0.6230
-0.536 0.6230
-0.519 0.6230
-0.519 0.6230
-0.519 0.6230
-0.519 0.6230
-0.519 0.6230
-0.519 0.6230
-0.519 0.6230
-0.501 0.6230
-0.501 0.6230
-0.501 0.6230
-0.501 0.6230
-0.501 0.6230
-0.501 0.6230
-0.501 0.6230
-0.501 0.6230
-0.501 0.6230
-0.501 0.6230
-0.501 0.6230
-0.501 0.6230
-0.501 0.6230
-0.501 0.6230
-0.501 0.6230
-0.501 0.6230
-0.501 0.6230
-0.501 0.6230
-0.501 0.6230
-0.501 0.6230
-0.501 0.6230
-0.480 0.6230
-0.480 0.6230
-0.501 0.6230
-0.480 0.6230
-0.480 0.6230
-0.480 0.6230
-0.480 0.6230
-0.480 0.6230
-0.480 0.6230
-0.455 0.6230
-0.455 0.6230
-0.455 0.6230
-0.455 0.6230
-0.455 0.6230
-0.455 0.6230
-0.455 0.6230
-0.419 0.6230
-0.455 0.6230
-0.419 0.6230
-0.419 0.6230
-0.419 0.6230
-0.419 0.6230
-0.419 0.6230
-0.419 0.6230
-0.419 0.6230
-0.419 0.6230
-0.419 0.6230
-0.419 0.6230
-0.419 0.6230
-0.419 0.6230
-0.419 0.6230
-0.419 0.6230
-0.419 0.6230
-0.419 0.6230
-0.455 0.6230
-0.419 0.6230
-0.419 0.6230
-0.455 0.6230
-0.419 0.6230
-0.419 0.6230
-0.419 0.6230
-0.419 0.6230
-0.419 0.6230
-0.419 0.6230
-0.419 0.6230
-0.419 0.6230
-0.419 0.6230
-0.419 0.6230
-0.375 0.5788
-0.375 0.5788
-0.375 0.5788
-0.375 0.5788
-0.375 0.5788
-0.375 0.5788
-0.375 0.5788
-0.375 0.5788
-0.375 0.5788
-0.375 0.5788
-0.375 0.5788
-0.375 0.5788
-0.375 0.5788
-0.375 0.5788
-0.375 0.5788
-0.375 0.5788
-0.375 0.5788
-0.375 0.5788
-0.375 0.5788
-0.375 0.5788
-0.375 0.5788
-0.375 0.5788
-0.375 0.5788
-0.375 0.5788
-0.375 0.5788
-0.375 0.5788
-0.375 0.5788
-0.375 0.5788
-0.375 0.5788
-0.375 0.5788
-0.375 0.5788
-0.375 0.5788
-0.375 0.5788
-0.375 0.5788
-0.375 0.5788
-0.375 0.5788
-0.375 0.5788
-0.375 0.5788
-0.375 0.5788
-0.375 0.5788
-0.375 0.5788
-0.375 0.5788
-0.375 0.5788
-0.375 0.5788
-0.375 0.5788
-0.375 0.5788
-0.375 0.5788
-0.375 0.5788
-0.375 0.5788
-0.375 0.5788
-0.375 0.5788
-0.411 0.5788
-0.436 0.5788
-0.457 0.5788
-0.436 0.5788
-0.457 0.5788
-0.457 0.5788
-0.457 0.5788
-0.436 0.5576
-0.457 0.5788
-0.457 0.5788
-0.457 0.5788
-0.436 0.5576
-0.457 0.5788
-0.457 0.5788
-0.457 0.5788
-0.457 0.5788
-0.457 0.5788
-0.457 0.5788
-0.457 0.5788
-0.457 0.5788
-0.457 0.5788
-0.457 0.5788
-0.457 0.5788
-0.457 0.5788
-0.457 0.5788
-0.457 0.5788
-0.457 0.5788
-0.457 0.5788
-0.457 0.5788
-0.457 0.5788
-0.457 0.5788
-0.457 0.5788
-0.457 0.5788
-0.457 0.5788
-0.457 0.5788
-0.457 0.5788
-0.457 0.5788
-0.457 0.5788
-0.411 0.5788
-0.375 0.5788
-0.344 0.5788
-0.344 0.5788
-0.311 0.5788
-0.231 0.5788
-0.169 0.5788
-0.169 0.5788
-0.148 0.5576
-0.108 0.5173
-0.108 0.5173
-0.108 0.5173
-0.108 0.5173
-0.108 0.5173
-0.169 0.5173
-0.108 0.5173
-0.169 0.5173
-0.108 0.5173
-0.169 0.5173
-0.108 0.5173
-0.108 0.5173
-0.108 0.5173
-0.108 0.5173
-0.169 0.5173
-0.169 0.5173
-0.189 0.5384
-0.189 0.5384
-0.169 0.5173
-0.169 0.5173
-0.283 0.5173
-0.294 0.4980
-0.359 0.4788
-0.323 0.4269
-0.200 0.2692
-0.085 0.1211
-0.027 0.0326
-0.002 0.0038
0.0 0.0
0.0 0.0
0.0 0.0
0.0 0.0
0.0 0.0
0.0 0.0
0.0 0.0
0.0 0.0
0.0 0.0
0.0 0.0
0.0 0.0
0.0 0.0
0.0 0.0
0.0 0.0
0.0 0.0
0.0 0.0
0.0 0.0
0.0 0.0
0.0 0.0
0.0 0.0
0.0 0.0
0.0 0.0
0.0 0.0
0.0 0.0
0.0 0.0
0.0 0.0
-0.031 -0.031
-0.221 -0.221
-0.375 -0.375
-0.375 -0.375
-0.375 -0.375
-0.329 -0.329
-0.083 -0.083
-0.010 -0.010
0.0 0.0
0.0 0.0
0.0 0.0
0.0 0.0
0.0 0.0
0.0 0.0
0.0 0.0
0.0 0.0
0.0 0.0
0.0 0.0
-0.039 -0.039
-0.039 -0.039
-1.0 -1.0
-1.0 -1.0
-1.0 -1.0
-1.0 -1.0
-0.290 -0.290
-0.290 -0.290
0.0 0.0